100 150 0
0   4 1
0   13 1
0   76 1
1   20 1
1   34 1
1   62 1
2   12 1
2   40 1
2   67 1
3   22 1
3   44 1
3   85 1
4   27 1
4   30 1
5   27 1
5   64 1
5   94 1
6   8 1
6   17 1
6   38 1
7   8 1
7   46 1
7   56 1
8   33 1
9   26 1
9   45 1
9   53 1
10   27 1
10   62 1
10   65 1
11   18 1
11   25 1
11   51 1
12   13 1
12   57 1
13   16 1
14   29 1
14   32 1
14   72 1
15   20 1
15   49 1
15   78 1
16   43 1
16   78 1
17   60 1
17   89 1
18   55 1
18   74 1
19   37 1
19   52 1
19   82 1
20   82 1
21   35 1
21   58 1
21   83 1
22   70 1
22   95 1
23   69 1
23   83 1
23   88 1
24   39 1
24   64 1
24   77 1
25   84 1
25   93 1
26   42 1
26   66 1
28   59 1
28   73 1
28   76 1
29   38 1
29   95 1
30   90 1
30   98 1
31   37 1
31   57 1
31   77 1
32   61 1
32   63 1
33   75 1
33   96 1
34   47 1
34   52 1
35   41 1
35   84 1
36   40 1
36   48 1
36   92 1
37   87 1
38   52 1
39   46 1
39   97 1
40   47 1
41   51 1
41   58 1
42   48 1
42   86 1
43   68 1
43   99 1
44   79 1
44   88 1
45   70 1
45   91 1
46   95 1
47   72 1
48   98 1
49   80 1
49   87 1
50   60 1
50   65 1
50   91 1
51   93 1
53   85 1
53   86 1
54   68 1
54   75 1
54   92 1
55   62 1
55   94 1
56   72 1
56   96 1
57   58 1
59   63 1
59   77 1
60   90 1
61   70 1
61   80 1
63   76 1
64   89 1
65   90 1
66   68 1
66   96 1
67   89 1
67   92 1
69   71 1
69   74 1
71   81 1
71   94 1
73   86 1
73   98 1
74   75 1
78   97 1
79   80 1
79   88 1
81   84 1
81   97 1
82   99 1
83   99 1
85   93 1
87   91 1
